717,188
717,205
718,222
722,239
729,254
741,266
756,276
771,282
786,284
799,282
809,273
817,263
823,251
828,239
833,227
836,214
837,201
746,177
757,173
770,172
781,175
792,180
811,183
819,180
827,178
834,179
838,184
800,193
801,202
801,211
802,221
786,228
792,230
797,232
802,231
806,229
758,191
766,187
774,188
780,194
773,196
765,195
809,197
816,192
824,192
828,197
824,200
816,200
769,247
780,244
790,242
795,244
799,243
804,246
808,251
803,257
798,260
793,260
788,259
779,255
773,247
790,248
794,248
799,249
805,251
798,251
794,251
789,250
723,178
721,195
719,211
721,228
726,243
735,257
749,268
763,277
777,282
791,281
802,273
812,265
819,254
825,242
832,231
836,219
839,206
751,170
764,167
776,168
786,172
797,179
814,183
823,181
831,180
839,182
842,189
803,192
802,201
802,210
801,220
785,225
790,228
796,230
800,230
804,228
762,185
770,182
778,184
783,191
776,192
768,190
812,197
819,193
827,194
832,199
826,203
818,201
765,242
776,240
787,240
791,242
795,241
801,245
804,251
798,257
791,258
787,259
783,256
774,251
769,243
786,245
791,247
795,247
800,250
793,250
789,250
784,248
716,186
716,204
717,221
720,237
728,252
738,265
753,275
769,283
785,286
799,282
809,273
817,263
823,251
828,237
832,225
835,212
836,199
744,176
756,171
768,171
779,174
790,180
808,182
816,178
824,176
832,177
837,183
799,192
799,201
800,210
801,219
785,226
791,229
796,231
801,229
805,228
757,190
764,187
772,188
778,193
771,195
763,194
807,196
815,190
822,191
826,196
822,198
815,198
766,246
778,242
788,240
793,241
798,241
803,243
807,249
801,257
796,261
791,261
785,260
776,255
770,247
788,246
793,246
798,247
803,248
797,252
792,251
787,252
718,185
717,203
718,219
721,236
728,252
738,265
752,276
768,284
784,287
798,284
808,274
817,263
823,251
829,237
833,225
836,211
836,198
744,177
755,172
768,171
780,173
790,180
808,182
816,177
825,175
833,176
838,183
799,192
799,200
800,209
801,218
785,225
791,228
797,230
801,228
805,227
757,190
764,186
772,187
778,193
771,195
763,194
808,196
815,189
823,190
828,195
822,197
815,197
765,246
776,240
788,238
794,239
799,239
804,242
808,248
803,257
796,262
791,262
784,261
774,256
769,247
787,244
793,244
798,245
804,248
797,252
792,253
785,252
716,185
716,203
717,220
720,237
727,253
739,266
754,276
770,283
786,286
798,282
807,273
817,263
823,251
829,238
834,226
836,213
836,200
746,175
756,170
768,171
780,173
790,179
808,181
817,178
825,175
833,176
837,182
799,191
799,200
800,209
801,218
784,225
790,228
797,230
802,228
806,227
757,189
764,185
773,186
779,192
772,193
764,192
808,195
815,190
823,190
828,195
822,197
815,198
764,245
777,239
788,238
793,239
799,238
805,242
809,247
803,257
797,262
791,262
785,261
774,256
768,245
788,243
793,243
798,244
804,248
798,252
792,252
786,252
716,189
716,206
718,223
722,239
729,253
741,266
756,276
772,282
788,285
801,281
811,272
820,262
826,249
830,237
834,224
836,211
837,197
743,176
755,172
766,171
778,173
788,179
807,179
816,176
824,174
832,175
836,180
798,190
798,200
800,208
801,217
785,224
791,227
797,229
802,227
806,225
756,191
763,186
771,187
778,193
771,195
763,194
807,194
814,189
822,189
827,193
822,197
815,196
767,245
778,240
789,237
795,238
799,237
806,240
810,247
804,256
798,261
793,261
787,261
776,256
770,245
788,243
794,242
799,243
806,246
798,252
793,252
787,252
717,188
717,205
719,221
722,237
729,253
740,266
754,275
772,282
787,285
800,281
811,273
820,262
825,249
830,235
834,223
836,210
836,197
744,176
754,171
766,170
778,173
789,178
808,179
816,176
824,174
833,175
838,181
798,190
799,199
799,208
801,217
785,224
791,226
797,229
802,227
806,225
756,190
763,187
771,187
777,193
770,194
762,193
808,194
816,190
823,190
828,194
822,197
815,196
767,244
779,239
789,236
795,237
800,237
806,240
810,246
804,254
798,259
793,259
786,259
776,254
771,244
788,242
794,242
799,242
807,246
799,251
794,251
788,250
717,187
717,204
718,221
721,237
729,252
740,265
755,275
771,281
787,284
800,281
810,273
819,263
825,250
830,238
834,225
836,212
836,199
745,174
757,170
768,169
780,172
789,178
808,178
817,175
826,174
834,175
838,180
798,190
799,199
800,207
801,216
785,223
791,226
797,228
802,226
806,224
757,190
765,187
772,187
779,193
772,194
764,193
810,195
816,191
823,191
828,195
824,197
817,197
767,244
779,238
790,236
795,236
800,236
805,240
810,246
804,255
798,259
792,259
787,259
776,254
771,244
789,241
793,241
799,242
806,246
799,250
792,250
787,250
715,190
717,207
719,224
724,240
731,254
742,267
757,277
774,283
790,285
803,281
813,272
820,260
826,248
830,235
835,221
837,208
837,195
743,176
753,170
765,169
776,171
787,176
807,177
815,174
823,171
831,173
836,178
797,188
799,198
799,206
800,215
785,224
791,225
797,227
802,226
806,223
755,190
763,186
771,187
777,192
770,194
762,193
808,193
815,188
822,188
827,193
822,195
815,195
769,245
780,238
790,235
796,236
801,236
807,239
810,245
805,254
799,259
793,259
788,258
779,254
773,245
790,241
796,241
801,241
806,245
799,249
794,249
789,249
718,190
719,207
721,223
725,238
732,254
743,265
759,274
775,280
790,282
803,279
814,271
822,260
827,247
831,234
835,222
837,209
837,196
744,174
754,169
766,167
778,169
789,174
808,176
816,172
825,170
833,172
838,178
798,188
799,196
800,205
801,214
787,223
792,224
798,226
803,225
807,223
756,189
764,185
772,186
779,191
770,193
763,192
809,192
816,188
823,188
828,192
823,195
816,195
770,244
782,238
791,234
797,236
801,234
808,238
811,244
806,252
801,256
795,256
790,256
780,252
774,243
791,240
796,240
801,241
808,244
800,247
795,246
790,246
717,189
718,206
721,222
725,238
732,252
743,264
759,273
777,277
793,279
805,276
815,268
824,258
829,245
831,232
835,219
838,207
837,195
745,173
755,167
767,165
778,167
789,172
810,173
817,169
826,168
833,169
838,176
800,186
800,195
802,204
803,213
789,221
794,223
800,225
804,223
808,221
757,188
766,185
773,185
779,190
772,191
764,191
810,191
818,186
825,187
829,191
824,194
817,193
772,242
783,236
793,233
798,234
803,233
808,237
813,243
807,250
802,253
797,254
791,252
782,249
776,242
793,239
798,240
803,240
810,243
803,244
798,244
792,243
719,188
720,204
723,220
727,237
734,251
746,263
762,271
779,275
795,277
808,275
817,267
825,257
830,244
833,231
837,219
838,207
838,194
747,171
758,165
770,164
782,165
792,170
812,172
819,168
828,167
834,168
839,174
802,185
803,194
804,202
805,211
790,220
796,221
802,223
807,222
811,220
760,186
768,184
776,184
782,189
774,190
767,190
811,190
819,186
825,187
830,190
825,193
818,192
774,240
785,235
795,231
801,233
805,232
810,235
815,241
809,248
804,251
799,252
793,250
784,247
778,240
795,238
800,239
805,239
811,242
805,242
800,242
795,241
719,188
720,204
721,221
726,237
734,251
747,262
764,270
782,275
797,276
810,274
818,265
826,256
830,244
834,232
838,219
839,207
838,194
748,170
759,164
771,163
782,164
793,169
812,171
820,167
827,167
835,168
839,173
802,184
804,193
806,201
807,209
791,219
798,220
803,222
808,221
811,219
761,186
770,183
777,183
782,188
775,190
768,189
812,190
819,186
826,187
830,190
826,193
820,192
775,240
787,234
796,230
801,231
806,231
812,235
815,241
811,247
805,250
800,249
795,249
785,246
779,239
796,237
801,237
806,238
812,241
806,241
801,241
796,240
720,186
721,203
722,219
726,235
734,250
748,261
764,269
782,274
798,276
810,274
819,266
826,256
831,245
835,233
839,220
841,208
839,196
751,169
762,165
773,163
785,165
796,171
815,173
822,170
830,168
837,169
841,174
805,186
806,194
808,202
809,210
793,219
799,220
804,223
809,221
813,220
764,185
771,182
779,183
785,187
778,189
771,188
815,190
822,187
828,187
833,191
829,193
822,193
777,239
789,234
799,230
803,232
808,232
813,235
816,241
812,248
806,251
801,251
797,250
787,246
781,239
797,237
802,238
806,238
812,241
806,241
802,242
797,240
721,187
722,204
723,221
727,238
735,251
748,263
765,272
781,277
797,279
809,276
818,269
825,258
830,247
834,234
839,222
840,209
840,197
750,171
762,166
774,165
786,167
796,173
815,174
823,171
831,170
837,172
842,177
806,188
807,196
808,204
809,212
794,222
799,223
805,225
809,224
814,222
763,187
771,185
779,185
785,190
778,191
771,191
815,192
821,188
828,188
833,193
828,195
821,195
777,242
788,236
799,233
804,235
808,234
812,238
816,245
811,251
806,254
802,254
796,253
787,250
782,242
798,240
803,241
807,241
812,244
807,244
803,245
798,244
724,187
725,204
726,220
729,236
737,251
748,264
764,272
781,279
797,281
809,278
818,270
825,259
830,248
834,235
838,223
840,210
839,198
754,173
764,169
776,167
788,170
799,175
818,177
824,174
832,173
839,174
842,180
808,189
809,198
810,206
811,215
795,225
801,226
806,228
810,226
815,224
766,189
774,186
782,186
787,192
780,193
772,193
815,194
823,190
830,191
834,195
829,197
822,197
778,244
790,240
800,238
805,240
808,238
813,241
816,247
812,253
807,256
803,256
798,256
788,252
783,245
799,244
804,245
808,245
813,246
808,247
804,248
800,247
721,189
720,205
722,222
725,237
733,251
746,264
762,274
780,279
796,282
809,279
817,271
825,259
830,248
834,236
839,225
840,213
840,202
753,176
764,170
776,169
789,172
799,177
818,178
825,176
833,175
839,176
843,182
809,191
810,200
811,208
813,217
796,226
801,228
807,229
811,228
816,226
766,191
773,187
781,188
788,193
781,194
773,193
816,195
823,192
830,193
834,196
829,199
822,198
777,246
790,242
800,240
805,241
809,240
814,243
816,248
812,254
808,257
803,257
798,257
788,253
781,246
800,245
804,245
809,246
813,248
809,249
803,249
799,249
726,185
725,203
725,221
729,239
737,254
750,266
766,275
782,281
797,284
810,280
818,272
825,262
830,249
835,238
839,225
841,213
841,200
756,175
768,171
780,170
792,173
802,179
820,181
827,177
834,176
841,177
845,182
810,193
811,201
813,209
814,218
796,227
802,229
808,231
812,230
817,229
768,191
776,188
784,189
789,194
782,196
775,195
818,198
825,193
830,194
835,197
831,200
824,199
778,246
791,242
801,240
805,241
809,241
815,244
817,249
814,255
808,259
803,258
798,258
788,255
782,247
801,246
804,246
808,247
814,248
808,250
804,249
800,250
723,190
724,207
724,223
728,240
735,255
748,267
764,277
781,283
796,286
808,282
817,274
824,264
830,251
836,240
840,227
842,215
842,203
755,177
766,173
779,172
791,174
801,179
819,181
826,178
834,177
841,179
845,183
810,194
811,202
812,211
813,220
796,228
802,230
807,231
811,231
816,228
768,192
775,189
783,190
789,195
782,196
774,196
817,197
824,193
831,194
835,198
831,201
824,200
777,247
790,243
800,240
805,241
809,241
814,243
817,250
813,257
807,261
803,261
797,261
788,255
781,248
800,247
805,246
809,247
814,249
808,252
804,252
799,252
726,189
726,206
727,223
730,239
736,254
747,267
763,277
780,283
795,286
809,283
818,274
825,264
830,251
835,239
839,227
842,214
841,202
755,177
766,173
778,172
790,174
801,180
819,182
826,178
835,177
841,179
845,184
809,194
810,202
811,211
813,220
795,227
801,230
807,232
813,230
816,229
767,192
775,190
782,190
788,195
781,196
773,196
817,197
824,194
831,194
835,198
831,200
824,200
775,247
788,242
799,240
804,241
809,240
814,243
817,250
813,257
807,261
802,262
796,261
785,256
779,248
798,246
804,246
809,246
813,249
808,253
803,253
797,253
723,184
723,203
722,220
726,236
733,251
746,265
763,274
779,281
795,283
808,281
817,272
825,262
831,250
836,238
841,226
842,214
842,202
754,175
766,171
778,170
790,174
800,179
819,182
826,179
835,178
842,179
845,184
808,193
809,202
810,210
811,218
793,226
800,229
806,230
812,229
815,228
765,190
774,188
782,188
788,194
781,195
773,194
817,198
824,193
831,193
835,198
831,200
824,199
775,245
787,240
799,239
803,240
809,239
814,243
816,248
811,255
806,259
801,259
795,258
784,254
779,245
797,244
803,245
808,245
813,249
807,250
801,250
796,249
721,189
722,206
724,222
728,239
735,254
748,266
764,275
782,281
798,283
811,281
820,272
827,262
832,250
837,237
841,225
843,214
842,200
753,175
764,171
776,171
788,173
797,178
816,180
823,177
832,176
839,176
844,181
807,191
808,200
809,209
810,217
793,225
800,228
806,230
811,228
814,226
765,191
772,189
780,188
786,194
779,195
771,194
815,196
823,192
830,192
834,197
830,199
822,198
775,244
787,240
798,238
803,239
808,239
813,241
818,247
812,254
806,258
801,258
795,258
786,253
780,245
797,244
803,244
808,244
814,248
807,249
802,249
796,249
725,186
725,203
726,220
729,236
737,252
748,264
763,274
780,280
796,283
809,280
819,271
827,261
834,249
838,236
842,225
844,213
844,200
753,173
765,170
777,169
789,172
800,178
818,180
825,177
834,175
841,176
846,182
809,191
809,200
810,208
811,217
794,224
800,227
807,229
812,227
815,226
766,190
773,188
781,188
787,193
779,193
772,193
817,196
824,192
831,192
836,196
831,198
824,198
775,243
787,239
799,237
804,238
809,237
814,241
818,246
813,254
806,258
801,258
795,258
786,252
779,244
798,243
803,243
808,243
815,247
807,249
802,249
796,249
727,187
726,204
727,222
730,238
738,253
751,266
767,274
783,281
798,283
811,280
820,272
828,261
834,250
839,237
844,226
845,214
845,201
758,174
769,169
781,169
792,172
802,178
821,180
828,177
836,175
843,176
847,181
811,192
812,200
813,208
815,216
797,224
803,227
808,229
814,227
818,226
769,190
777,187
785,188
790,193
783,195
776,194
819,196
826,191
833,192
837,197
833,199
826,198
778,244
791,239
803,237
806,238
812,237
817,241
820,247
815,255
809,258
804,258
798,258
789,254
782,245
801,242
806,243
811,243
816,247
810,250
805,250
800,250
728,186
727,203
728,220
731,236
739,252
752,265
768,275
784,281
800,284
812,281
821,272
830,261
836,250
841,238
846,225
848,213
848,201
761,175
771,170
783,169
795,173
805,179
824,181
832,178
839,176
846,177
850,181
814,192
815,200
816,208
817,217
799,224
806,227
811,229
817,228
820,226
771,190
779,187
787,188
794,193
787,194
779,193
822,196
829,192
836,193
840,197
836,199
829,198
780,244
793,239
804,237
809,238
813,237
819,241
821,247
817,256
811,259
806,260
801,259
791,254
784,245
804,242
808,243
813,243
818,247
812,250
807,251
802,250
730,188
730,205
730,221
734,237
740,252
753,266
769,275
785,282
801,285
814,282
823,273
832,262
837,250
842,238
846,226
849,214
848,202
762,175
773,172
785,170
797,173
806,179
825,181
833,179
840,178
847,178
851,184
816,193
817,201
818,209
819,218
802,226
808,228
813,230
819,228
823,227
774,192
781,190
788,191
794,194
787,195
780,195
824,198
831,195
837,195
841,199
837,200
830,200
783,245
796,240
806,238
811,239
816,238
821,242
823,248
818,257
814,260
809,261
803,260
793,255
787,246
806,244
811,245
815,244
820,248
814,251
810,252
804,251
734,187
733,203
733,221
735,236
741,252
752,265
767,275
784,282
800,285
813,283
822,275
831,265
837,253
841,241
846,229
849,217
849,205
765,176
776,171
787,171
799,174
808,179
827,182
834,180
842,179
849,180
852,185
816,194
817,202
818,210
819,219
802,227
808,229
813,231
818,230
823,228
776,193
783,193
790,193
797,196
790,197
783,196
825,200
832,199
837,200
841,202
837,204
831,203
783,246
795,240
806,239
811,239
816,239
821,243
823,250
819,258
813,261
807,261
801,260
793,256
787,246
804,245
810,245
814,245
820,250
813,252
809,252
803,251
733,185
731,202
730,219
733,235
741,251
752,265
767,275
784,283
800,285
813,283
823,275
831,264
837,251
843,239
847,228
849,216
849,205
765,173
776,169
787,170
799,174
808,179
827,182
835,179
842,178
849,179
852,185
817,194
818,202
819,210
819,218
801,227
808,229
813,231
819,229
823,228
775,192
783,193
790,194
796,196
789,197
782,196
824,200
832,199
837,200
842,202
837,203
831,202
782,246
795,240
806,239
810,239
815,239
821,243
823,249
818,258
812,261
807,261
801,260
791,256
786,246
804,244
809,245
814,245
820,249
813,252
808,252
803,251
729,189
728,206
729,222
733,239
740,254
752,267
768,277
785,283
800,286
812,284
821,275
830,264
836,253
841,241
846,228
849,216
849,203
762,175
772,171
784,171
795,175
805,180
824,182
832,180
840,178
847,179
850,183
814,193
814,202
815,211
817,219
800,228
806,230
811,231
816,230
820,228
772,193
780,192
787,193
793,197
786,198
779,197
822,198
829,196
835,197
840,200
836,202
830,202
782,247
794,241
804,238
809,240
814,240
820,244
822,250
818,258
812,262
806,263
801,261
792,257
786,247
803,245
808,245
813,246
819,250
812,253
807,253
802,252
731,188
729,205
730,221
733,238
740,253
750,266
765,276
782,283
798,286
810,283
820,275
829,265
835,253
839,241
844,229
847,217
847,204
760,176
771,172
783,171
794,175
804,180
824,183
832,180
840,179
847,180
850,185
813,195
813,203
814,212
815,221
799,228
804,231
810,232
814,231
819,230
771,193
779,191
786,192
792,196
785,198
778,197
822,200
828,197
835,198
840,201
835,203
829,202
781,248
793,242
803,240
808,241
812,241
818,245
820,251
816,258
810,262
805,262
799,260
790,256
785,248
801,246
807,247
811,247
817,251
811,252
807,252
801,251
732,185
730,202
730,220
732,236
738,251
749,265
764,276
781,283
795,286
807,283
817,276
826,267
833,256
839,243
844,232
847,219
849,208
761,176
772,172
784,173
795,175
805,182
824,184
833,182
841,181
848,182
851,187
813,197
814,205
814,213
814,222
798,229
804,231
809,233
813,232
818,231
771,192
779,190
787,191
792,197
786,198
778,197
823,201
829,197
836,197
841,201
836,203
829,203
776,247
788,242
800,241
805,242
811,242
816,246
819,252
814,259
808,261
802,261
796,260
785,256
780,248
799,247
804,248
810,248
815,252
809,253
803,253
797,253
729,188
729,205
729,221
732,238
739,253
751,266
766,277
782,283
798,287
812,284
821,276
830,265
836,254
840,242
845,229
848,217
848,205
759,177
770,174
782,174
794,178
803,183
823,185
831,181
839,181
847,182
850,186
812,196
813,205
814,213
814,222
798,230
804,232
809,234
813,233
818,231
770,194
777,191
785,192
792,198
784,198
777,197
822,200
828,196
835,197
840,201
835,203
828,203
780,248
792,244
802,243
807,243
812,243
817,247
821,253
816,259
810,261
805,261
799,260
790,257
784,249
801,249
806,249
811,249
817,252
811,252
805,252
800,251
730,191
730,207
730,223
733,240
740,254
752,267
768,277
784,283
800,286
812,285
821,276
830,266
836,255
840,243
845,231
848,219
848,207
760,177
772,174
783,173
795,177
804,182
824,185
831,182
839,180
846,181
851,186
813,196
813,204
814,213
814,222
798,230
804,232
809,234
814,232
818,231
771,194
778,191
786,192
792,197
784,198
777,198
821,200
829,196
836,197
841,201
835,203
828,202
780,249
792,244
802,242
807,243
812,243
818,247
821,252
816,259
810,262
805,262
799,261
790,257
784,249
801,249
806,249
811,249
817,252
811,252
807,252
801,252
732,187
730,204
731,220
734,237
740,252
751,265
766,275
783,282
797,285
811,284
821,277
830,267
835,256
840,244
845,231
848,218
849,206
762,176
772,172
784,173
795,177
805,181
825,184
833,183
840,181
848,182
852,187
814,195
814,204
815,213
814,222
799,230
805,232
809,234
815,232
818,231
772,192
780,191
788,191
793,197
786,198
779,197
823,200
830,196
837,198
842,201
836,203
830,202
781,248
793,244
803,242
808,244
812,243
818,246
821,253
816,259
810,262
805,262
799,261
791,257
785,249
802,249
807,249
811,249
818,252
812,252
807,252
802,252
731,189
731,206
731,222
735,239
742,253
753,266
769,275
785,283
801,286
812,284
823,275
831,265
837,254
843,242
847,230
849,217
850,205
761,177
773,174
784,173
796,176
806,182
825,184
832,181
841,180
847,182
852,186
814,195
815,204
816,213
816,222
800,230
806,232
811,234
816,233
820,231
773,193
781,191
788,192
794,197
787,198
780,197
823,200
831,196
837,197
842,201
837,203
831,203
781,249
794,245
804,244
809,245
813,244
818,248
822,253
817,260
811,262
806,262
800,262
792,257
785,249
803,249
807,249
812,250
819,253
812,253
807,253
803,253
732,189
732,205
731,222
734,238
741,252
754,266
768,275
786,283
800,286
813,284
823,276
832,266
838,254
843,242
847,230
850,218
851,205
762,177
773,174
785,174
796,177
806,182
825,184
834,182
841,180
849,181
853,186
815,195
816,204
816,213
817,222
801,230
807,233
812,235
817,233
820,232
774,193
781,190
789,191
794,197
788,198
780,197
824,200
832,196
839,196
842,201
839,203
832,202
782,250
795,246
805,245
810,247
814,245
819,249
823,252
818,260
812,263
807,263
802,262
792,257
786,250
804,251
809,251
813,251
820,253
813,254
809,253
804,253
734,188
733,204
733,221
736,237
743,252
755,265
770,275
786,282
801,286
814,284
824,277
832,267
839,254
844,242
848,231
852,218
852,205
764,176
775,173
787,173
797,176
808,181
828,184
835,181
843,180
850,181
855,186
817,195
817,204
817,213
817,222
802,230
807,232
813,234
818,233
821,232
775,192
783,190
791,190
797,196
789,198
781,197
825,199
833,195
840,196
844,201
840,203
832,202
784,249
796,246
806,245
811,247
815,245
820,249
824,252
819,260
813,263
809,263
804,263
794,258
789,250
805,251
809,251
814,251
820,253
814,254
810,253
805,253
734,189
733,204
733,220
735,236
742,251
754,264
769,274
786,281
801,284
815,283
825,275
833,265
839,253
845,241
849,230
852,218
853,206
765,176
775,173
788,173
798,176
809,181
827,184
836,181
843,180
851,182
854,187
817,195
818,204
817,213
818,222
802,230
808,232
813,234
818,232
822,231
776,192
783,190
791,191
796,197
790,197
782,196
826,200
834,196
841,197
844,201
841,203
834,202
781,249
794,246
805,244
810,245
815,245
821,248
824,252
819,259
814,262
808,262
802,261
792,258
785,250
804,250
809,250
814,250
821,253
814,254
809,254
804,253
736,186
735,201
734,219
737,235
743,249
754,263
768,274
785,282
800,285
813,284
824,277
832,267
839,256
844,244
850,232
852,220
853,208
766,175
778,172
789,172
801,176
810,181
829,184
836,182
844,181
851,183
855,188
818,195
818,204
819,213
820,221
802,230
808,232
813,234
819,232
822,232
777,191
785,189
793,190
798,196
792,197
784,195
826,199
834,195
840,196
844,201
840,204
834,203
783,247
796,244
806,243
810,244
815,244
820,248
824,253
818,260
813,262
807,262
802,261
793,257
787,249
805,248
809,249
814,250
821,252
813,253
808,253
804,252
734,189
734,205
734,221
738,238
744,253
755,266
770,275
786,282
802,286
815,283
824,276
834,266
840,254
845,241
849,230
852,217
853,204
762,178
774,173
786,173
798,176
808,181
827,183
835,180
844,179
851,180
856,186
816,195
817,204
818,212
818,221
802,229
808,231
814,233
818,232
822,230
774,192
783,190
790,191
796,197
788,198
781,196
826,199
833,195
840,195
845,200
840,202
832,202
784,249
796,245
806,243
811,244
815,243
821,247
825,252
820,259
814,262
809,262
803,261
794,257
788,249
805,249
810,249
814,250
822,252
815,252
810,252
805,252
735,188
735,204
734,220
737,236
744,252
754,264
769,273
785,281
801,284
813,283
824,277
833,267
839,256
844,242
849,230
852,217
853,205
764,176
776,172
788,173
799,176
809,181
828,184
835,181
843,180
850,181
856,186
817,195
817,204
818,212
818,222
803,229
809,231
814,233
818,232
822,231
776,192
784,189
791,190
797,196
789,197
783,196
826,200
833,195
841,195
846,200
840,203
833,202
785,248
796,244
806,243
811,243
815,243
822,247
825,252
820,259
813,262
808,262
802,260
794,256
789,249
805,248
810,249
814,249
822,252
815,253
810,252
805,251
735,188
734,204
734,221
738,237
745,252
755,264
771,275
787,282
803,285
816,283
825,276
834,266
840,255
845,242
850,230
852,217
853,205
764,177
776,173
787,173
799,176
808,181
829,184
836,181
843,180
851,181
855,186
817,196
818,204
819,212
819,221
802,229
808,232
813,233
819,232
823,231
776,192
783,190
791,191
797,197
790,198
782,197
826,200
834,196
841,196
845,201
841,203
834,203
784,248
796,244
806,243
811,244
816,243
822,247
825,252
820,260
814,263
809,262
803,261
794,257
788,249
805,248
810,249
815,250
822,253
815,253
809,253
805,252
734,189
733,206
734,223
737,238
744,253
756,266
771,276
787,284
802,286
815,284
826,277
834,267
840,254
845,242
849,231
852,218
853,205
765,177
776,174
787,174
799,177
808,182
827,185
835,182
843,181
851,181
855,186
817,196
817,204
818,213
818,222
802,229
808,232
814,234
818,233
823,231
776,193
783,191
791,191
796,197
790,198
782,197
826,200
834,196
841,196
845,201
841,203
834,203
784,249
796,244
806,243
811,244
816,244
821,248
825,253
820,261
813,263
808,263
803,262
794,257
789,249
805,249
810,250
815,250
822,253
815,253
810,253
805,253
735,188
735,205
735,220
737,236
743,251
753,264
768,274
784,282
800,285
812,284
823,277
833,268
839,257
844,244
849,232
853,219
854,206
765,178
776,174
788,174
799,178
810,183
828,186
836,183
844,182
852,184
856,189
818,197
818,205
818,214
818,223
802,231
808,233
813,235
818,234
823,233
776,194
783,191
791,191
797,198
789,199
781,197
827,202
834,197
841,197
845,202
841,205
834,204
783,249
794,246
805,243
811,245
815,244
821,248
825,253
819,261
812,264
807,264
801,263
792,258
787,250
804,249
809,250
814,251
821,254
813,255
808,254
804,253
736,187
735,202
734,220
736,235
742,250
753,264
768,276
784,284
800,287
812,285
823,278
831,268
838,256
844,244
849,232
851,221
852,208
766,178
777,175
789,176
799,179
810,184
828,187
836,185
844,183
852,184
855,190
817,199
818,207
818,215
818,224
801,232
808,234
813,237
818,235
823,233
776,194
784,192
792,194
796,199
790,200
782,199
827,203
834,200
842,200
845,203
841,207
834,206
781,251
794,247
805,244
810,246
815,246
820,249
824,255
818,262
812,265
806,265
801,264
791,259
786,250
804,250
809,251
814,252
820,255
813,256
808,256
803,255
733,191
733,208
733,225
736,240
744,256
755,269
770,279
786,286
802,289
814,287
824,279
833,269
839,257
844,244
849,232
851,220
851,207
764,181
775,177
786,177
797,181
808,186
827,188
834,185
842,183
850,183
854,188
816,199
817,208
817,217
818,226
801,233
807,236
813,238
819,236
822,235
774,196
782,195
790,195
796,200
788,202
781,201
826,203
833,199
840,200
844,204
839,206
832,205
783,251
795,248
805,246
810,247
815,247
821,250
824,255
819,263
813,266
808,266
802,265
793,261
787,252
804,252
809,252
814,253
821,256
813,258
808,257
804,256
734,192
734,209
733,226
736,241
743,256
754,270
768,280
785,286
799,289
813,288
822,280
831,270
838,258
843,246
847,233
851,221
852,208
763,183
774,179
785,178
797,182
807,186
826,189
834,186
842,184
850,185
854,191
816,200
816,209
817,218
817,227
801,234
807,236
813,239
818,237
822,235
775,197
782,194
790,195
796,201
788,202
781,201
825,204
833,199
840,200
844,204
840,207
833,206
783,253
795,249
805,247
810,248
814,248
820,251
824,256
818,264
812,268
807,268
801,266
792,262
787,253
804,253
809,253
813,253
820,257
813,259
809,258
803,257
734,194
731,211
732,228
735,245
743,259
756,271
771,281
786,288
801,290
813,289
821,280
830,270
836,258
842,245
848,233
849,221
850,208
764,183
776,179
787,180
798,182
808,187
826,189
833,186
841,185
848,186
851,189
815,201
816,209
817,218
818,227
801,234
807,237
813,240
818,238
822,236
774,198
783,195
790,196
795,202
789,203
781,202
825,204
832,200
839,201
843,204
839,207
832,207
783,255
795,249
805,248
810,248
815,248
820,252
823,257
818,264
813,268
808,268
802,267
793,263
787,254
804,254
809,254
815,254
819,258
814,259
809,259
804,260
733,191
732,207
733,224
736,240
743,256
753,269
768,279
784,287
798,290
811,288
821,279
830,269
836,258
842,246
847,234
849,221
850,208
763,181
775,178
786,178
797,182
808,187
825,190
834,187
841,185
849,185
854,190
816,201
816,209
817,218
816,227
800,234
806,237
812,238
817,238
821,236
774,197
782,194
790,195
796,201
788,202
781,201
825,204
832,200
839,200
844,204
839,207
832,206
782,253
794,249
804,246
809,248
813,248
819,251
822,257
817,264
812,268
807,268
801,267
791,263
786,254
804,253
808,254
813,254
819,257
812,259
808,259
802,258
727,195
726,210
726,226
729,242
738,256
750,268
766,278
783,286
798,288
812,287
821,278
829,267
836,255
840,243
844,231
847,220
847,208
761,183
771,179
783,179
795,182
806,186
824,188
831,185
839,183
846,184
850,189
814,200
815,208
816,217
817,226
799,233
806,236
812,238
817,236
821,235
772,197
780,195
788,196
793,201
787,202
780,201
824,204
830,199
836,199
840,203
837,205
830,206
780,254
793,248
803,247
808,247
813,247
819,250
821,256
818,262
811,266
806,266
800,265
790,262
784,253
803,253
808,252
813,253
818,255
812,258
807,258
802,258
731,189
729,206
730,222
733,239
739,254
750,267
766,278
782,285
796,288
809,286
818,278
827,268
834,257
840,244
845,232
847,220
848,207
762,181
772,178
785,177
795,181
806,185
825,187
832,185
840,183
847,184
851,188
814,198
815,207
816,216
816,225
798,233
805,235
811,237
816,236
819,235
772,196
780,193
788,194
794,200
787,201
779,200
823,203
830,199
837,199
840,203
837,206
830,205
779,252
792,247
802,245
807,247
812,246
817,249
820,255
815,262
810,266
804,266
799,265
789,262
783,253
802,251
805,252
812,252
817,255
811,257
805,257
800,257
728,191
727,207
728,224
732,240
739,255
750,267
765,277
782,285
797,287
810,285
820,277
828,266
835,254
839,241
845,229
847,216
847,204
759,181
769,177
782,177
793,180
803,184
821,186
828,183
836,181
844,181
849,186
811,196
812,205
813,215
814,224
798,231
804,234
810,235
815,234
818,232
769,195
777,193
786,193
791,199
784,200
777,199
821,200
828,196
836,196
839,200
836,202
829,202
779,252
791,246
802,243
806,245
812,245
817,247
821,254
816,261
810,265
804,265
799,264
789,261
783,252
801,249
806,250
811,250
817,253
810,256
805,256
800,255
729,187
728,204
728,222
732,238
739,253
750,266
766,277
782,284
798,287
811,284
821,275
829,265
834,253
840,240
845,228
847,215
848,202
758,180
768,175
781,175
792,178
803,183
822,185
829,181
837,179
845,179
850,185
811,195
812,204
813,213
814,222
797,230
804,232
810,234
815,232
819,231
769,193
777,191
786,191
791,197
784,198
776,197
821,200
827,194
836,194
840,199
835,201
828,201
780,249
791,244
802,242
806,243
812,243
817,247
820,252
816,259
810,263
804,264
799,262
789,258
783,249
801,249
806,249
811,249
817,252
810,254
805,254
800,254
728,190
728,207
729,223
732,240
740,254
752,267
767,277
783,284
798,286
811,283
821,275
829,264
836,252
840,239
844,226
847,213
846,200
756,180
766,175
779,174
790,177
801,182
820,183
827,180
835,178
843,178
848,183
811,194
811,202
812,212
813,221
797,229
803,231
809,232
814,231
818,229
767,194
775,191
783,190
790,196
782,197
774,197
819,197
826,193
834,193
838,197
833,200
826,200
780,249
791,245
802,242
806,243
811,242
816,245
821,251
815,259
809,263
804,263
799,263
790,259
784,250
801,248
806,248
810,248
817,251
811,253
805,253
800,253
729,186
729,203
730,221
733,237
740,252
750,265
765,275
782,282
797,285
810,282
820,274
829,264
835,252
840,239
844,226
847,214
848,201
756,179
767,174
779,174
792,176
802,181
821,183
828,179
838,178
846,179
850,185
811,194
811,203
812,212
813,221
796,228
803,230
808,232
814,231
818,229
768,193
776,190
784,189
790,195
783,196
774,196
820,198
827,192
835,193
839,198
835,200
827,199
778,248
790,243
800,241
806,242
810,241
816,244
820,251
815,258
809,262
804,262
798,262
788,257
782,249
800,248
805,248
810,248
817,251
809,253
805,253
799,253
728,189
729,205
730,222
733,238
740,253
751,266
766,276
782,283
798,285
810,282
820,274
829,264
836,252
840,239
844,226
847,213
847,200
756,180
767,175
778,174
790,177
801,182
820,183
827,180
835,178
843,178
849,184
809,193
811,203
812,212
812,221
797,229
803,231
808,233
813,231
817,229
767,193
775,190
783,191
789,196
782,198
774,197
819,198
827,193
834,193
838,197
834,200
826,199
778,250
790,245
800,242
806,243
810,242
816,245
821,251
815,258
809,263
804,263
798,263
789,258
782,250
800,248
805,248
810,248
817,251
809,254
804,254
799,254
729,188
729,205
730,222
733,239
740,254
751,267
766,276
781,284
797,286
809,283
820,275
828,265
835,252
840,240
844,226
847,213
848,201
755,180
766,176
778,175
790,177
801,183
820,184
827,181
836,179
844,179
850,185
809,194
810,204
811,213
812,222
795,229
802,232
807,233
813,232
817,230
766,194
775,191
783,191
789,196
782,198
774,197
819,199
827,193
834,194
839,198
834,201
827,200
779,250
789,245
799,242
805,243
809,243
816,245
820,251
815,259
808,264
803,264
797,264
788,259
783,250
799,249
804,249
809,249
817,252
809,254
804,254
798,254
729,189
728,206
729,222
733,238
739,253
749,266
764,276
779,283
795,286
808,283
819,275
828,265
835,253
839,240
843,227
846,214
847,202
755,181
766,176
777,175
789,178
801,184
819,184
827,181
835,179
843,180
849,186
808,194
810,204
810,213
811,223
795,230
801,232
806,233
811,233
816,230
766,194
775,191
783,192
788,197
781,199
773,198
818,199
826,194
833,194
838,199
833,201
826,201
778,250
788,245
798,243
804,244
809,243
815,246
819,252
814,259
807,263
802,264
796,263
787,259
782,250
798,249
804,249
809,249
816,252
808,254
803,254
797,254
728,191
728,207
729,224
732,240
739,254
751,267
765,277
782,283
796,286
809,283
818,275
828,265
834,252
839,240
843,227
845,214
846,201
754,180
765,175
777,175
789,179
799,183
818,184
826,181
835,179
843,179
847,184
808,196
808,205
809,213
811,222
794,229
800,232
805,233
811,232
815,230
766,195
773,192
781,193
788,198
781,199
773,199
818,200
824,194
832,195
837,198
833,202
826,201
777,251
788,245
798,243
803,244
809,243
814,246
819,252
813,259
808,263
802,263
796,263
786,260
781,251
797,249
802,249
808,249
815,252
807,254
802,254
796,254
728,189
727,206
727,222
731,238
738,253
749,266
763,276
779,283
795,286
807,283
818,275
826,265
832,254
838,241
842,228
844,216
846,203
754,180
765,175
777,175
788,178
799,184
818,185
826,181
834,179
842,179
848,185
807,196
808,205
808,214
810,223
793,230
799,232
805,235
810,233
815,231
765,194
773,191
781,192
787,196
780,199
772,198
818,199
825,194
833,195
837,199
832,201
825,201
775,251
787,246
797,243
802,244
807,244
813,246
817,253
812,260
806,264
800,264
794,264
785,260
779,251
797,249
802,249
807,250
813,253
806,255
801,255
796,255
727,188
727,205
728,222
732,238
738,253
748,266
763,276
778,284
794,287
807,284
817,275
826,265
833,253
837,239
842,226
845,214
846,201
753,180
763,176
776,175
787,178
797,183
817,185
825,181
833,179
841,179
846,185
807,196
807,205
808,214
808,223
793,230
799,232
805,235
809,233
813,230
764,195
772,192
780,193
786,197
779,199
771,199
816,200
824,194
831,195
836,199
831,201
824,201
776,250
786,245
797,243
801,244
807,243
812,246
817,252
812,259
805,264
799,264
793,264
785,260
780,250
796,249
801,249
806,250
814,253
806,254
800,254
795,254
727,189
727,206
728,223
732,238
738,253
748,266
762,276
777,283
793,286
806,283
816,275
825,265
832,252
836,240
840,227
844,214
845,202
752,181
763,176
774,176
786,178
797,183
816,184
824,181
832,179
840,180
846,186
806,195
807,205
807,214
808,224
792,230
798,233
804,234
809,233
813,230
763,194
771,191
780,192
785,197
778,199
770,198
816,199
823,194
831,194
836,198
830,201
823,201
776,251
786,246
797,243
801,244
807,244
812,246
817,252
811,259
806,263
799,264
794,263
785,259
779,251
796,249
801,249
806,250
813,251
806,254
800,254
794,254
726,189
726,206
727,223
731,239
737,254
748,267
762,276
777,284
792,287
805,284
815,275
824,265
832,254
836,240
840,227
844,215
844,202
752,180
763,176
774,175
786,178
797,184
816,184
823,181
831,179
840,179
845,185
805,195
806,205
806,214
807,223
792,230
798,232
803,234
808,233
812,230
763,195
771,192
779,193
785,197
778,199
770,199
815,200
823,194
830,194
834,199
830,201
823,201
775,251
785,246
795,243
800,244
806,243
811,246
817,252
811,259
804,264
798,264
792,263
784,260
779,251
795,249
800,249
805,250
813,252
804,254
799,254
794,254
726,192
726,208
728,224
733,239
738,254
749,267
763,277
778,284
794,286
806,283
817,275
825,264
831,252
836,238
840,226
842,213
843,200
750,182
760,178
772,177
784,179
795,184
814,184
822,181
830,179
838,178
844,184
804,195
804,205
805,214
806,224
792,231
797,232
802,234
808,233
812,230
762,196
770,193
778,192
785,198
776,199
768,198
815,198
821,194
829,194
834,197
829,201
821,201
774,251
785,246
796,243
801,244
806,243
811,246
816,251
810,259
805,263
799,263
793,264
784,260
779,252
795,250
800,250
805,250
813,251
805,254
800,254
795,254
724,192
723,208
725,223
728,238
735,253
745,266
760,276
776,282
792,285
805,282
815,274
824,264
830,251
835,238
839,227
842,214
843,202
751,181
761,177
773,176
784,179
795,184
815,184
822,181
830,179
838,180
844,185
804,196
804,205
805,214
805,224
791,231
797,233
802,235
807,233
811,231
762,195
769,193
777,192
784,198
776,199
768,198
815,200
821,195
829,195
834,198
829,201
821,201
773,251
783,246
794,244
800,244
805,244
810,246
815,252
809,259
803,264
798,264
792,264
782,259
777,251
793,249
799,249
804,250
811,252
804,255
798,255
793,255
725,188
725,205
725,221
729,238
736,252
745,265
759,276
775,283
790,286
802,283
813,275
822,265
829,252
833,240
838,227
842,214
843,200
749,181
760,176
772,176
784,179
794,184
813,185
822,181
830,179
839,180
843,185
803,196
803,206
803,215
803,225
788,231
795,233
800,235
806,234
810,231
761,194
769,192
777,192
783,198
776,199
768,199
813,199
820,194
827,195
833,198
828,201
821,201
771,250
782,246
793,244
797,245
803,244
809,246
814,252
808,259
802,264
796,264
790,264
780,260
775,250
792,250
797,250
802,250
811,251
802,255
797,255
792,255
723,187
723,204
725,221
728,236
733,252
744,265
758,275
773,283
788,286
801,283
811,274
821,264
827,252
832,240
837,226
840,214
841,201
748,181
759,178
770,177
782,180
793,185
812,185
820,182
828,179
836,180
842,185
802,196
802,206
802,215
803,225
788,231
793,234
799,235
804,234
808,231
759,195
768,192
776,192
781,197
774,200
766,199
812,200
819,194
827,194
831,198
827,201
820,201
770,250
781,247
792,244
796,245
802,244
807,247
812,252
806,259
800,264
794,264
788,264
779,259
775,251
791,250
796,250
801,250
809,253
800,255
795,255
790,255
721,190
722,207
724,223
728,238
735,253
745,266
758,276
773,283
788,286
800,283
811,274
819,263
826,251
830,238
834,225
838,212
839,198
745,184
755,179
766,177
778,181
789,184
808,185
816,181
824,179
834,178
839,183
798,196
798,205
799,215
799,226
786,232
792,234
797,235
802,234
807,231
757,196
764,193
772,193
779,199
771,200
763,199
809,198
816,193
823,192
829,196
824,200
817,200
769,251
779,247
790,245
796,245
800,245
806,246
811,251
805,259
799,263
794,264
788,264
778,260
773,251
789,251
795,250
799,250
807,251
799,254
795,255
789,255
718,192
719,208
721,224
724,238
731,253
742,266
757,276
772,283
787,285
800,281
810,273
819,261
825,250
829,237
833,224
836,211
837,198
743,184
753,179
765,178
776,180
787,185
806,185
814,181
823,178
832,178
837,183
796,195
797,204
797,214
798,225
784,232
790,233
795,235
801,234
804,231
754,196
762,193
770,193
776,198
770,200
762,200
807,198
814,193
822,192
827,196
822,199
815,200
766,250
777,246
787,244
793,244
798,244
805,246
809,250
804,258
798,262
791,263
785,263
776,259
770,251
786,249
792,249
799,249
805,251
797,254
792,254
786,254
719,186
720,203
721,220
725,235
731,250
741,263
754,273
770,281
785,283
797,280
808,271
816,261
823,249
828,236
832,223
835,211
838,197
742,180
752,176
764,176
776,179
786,183
806,183
814,180
822,177
831,177
837,183
795,194
795,204
796,214
796,224
782,230
788,232
794,233
799,233
802,230
754,194
762,191
770,190
776,197
769,198
760,198
806,197
813,192
821,191
826,195
821,199
814,199
765,249
777,244
786,242
791,243
796,243
802,245
807,249
801,257
794,262
789,262
783,262
775,258
769,250
785,248
790,248
795,248
803,249
795,253
790,253
785,253
717,187
717,204
720,220
723,236
730,250
740,264
754,273
769,281
784,283
796,280
807,271
817,261
822,249
827,236
831,222
834,208
836,194
740,182
750,176
761,176
773,179
784,183
803,183
811,179
821,175
830,175
835,181
793,192
794,202
794,212
794,223
781,230
787,231
793,232
798,231
802,228
751,194
759,191
767,191
774,196
767,199
759,198
805,196
811,191
820,189
824,193
820,197
812,198
764,248
775,244
785,241
790,242
795,241
802,244
807,248
801,256
795,261
788,261
782,261
774,257
768,249
784,247
789,247
795,247
803,248
794,252
789,252
784,252
717,188
718,205
721,221
725,236
731,251
741,263
755,273
769,280
784,282
798,279
807,270
817,260
823,247
826,235
830,221
833,208
835,194
739,181
749,176
760,175
772,177
782,182
802,182
810,177
819,175
828,175
834,180
792,192
792,202
793,212
794,223
780,229
786,231
791,232
797,231
801,228
751,194
758,190
766,190
773,195
766,198
758,197
804,195
810,190
818,189
824,192
819,196
811,197
764,248
775,243
784,241
790,242
794,241
801,243
807,247
800,255
795,260
789,260
783,260
774,256
768,248
784,247
790,247
795,247
802,248
794,251
789,251
783,251
715,191
717,207
720,223
724,238
731,252
741,264
755,273
771,280
786,281
798,278
808,268
818,258
823,246
826,233
830,219
832,206
833,192
737,181
747,177
759,175
769,178
780,181
799,181
808,176
817,173
826,173
831,178
790,191
791,201
791,212
792,222
780,228
786,230
791,232
796,230
800,227
749,194
757,190
765,190
771,195
764,198
756,197
802,194
809,188
816,187
822,191
817,194
810,195
764,248
774,243
783,240
789,241
794,240
800,242
807,246
801,255
795,259
788,259
782,259
774,256
768,248
783,246
789,246
794,246
803,247
794,250
789,250
783,250
715,187
716,204
719,220
723,236
730,250
740,264
754,273
769,280
784,281
796,278
806,269
816,258
822,247
826,233
830,220
832,206
834,191
736,179
747,175
759,174
769,177
780,181
799,181
809,176
818,173
827,173
832,178
790,191
791,201
791,211
792,222
779,228
784,229
790,231
795,230
799,227
749,192
756,189
765,189
771,194
764,197
756,196
802,194
809,188
816,187
822,191
817,194
810,195
763,248
773,243
782,239
788,240
792,240
799,242
805,246
799,255
793,259
787,260
781,259
773,256
767,248
782,246
788,246
793,246
801,247
793,250
788,250
782,250
712,192
714,208
717,224
720,238
728,252
739,264
753,273
769,279
784,280
797,277
807,267
816,256
822,244
825,231
829,217
831,204
832,190
734,182
744,177
756,175
767,177
778,181
797,180
806,176
814,173
823,172
829,177
788,190
789,200
790,211
791,221
778,227
784,229
790,231
795,229
798,227
747,194
755,190
763,190
769,195
762,197
754,197
800,194
807,188
814,187
820,190
816,194
808,195
762,248
772,243
782,239
787,240
792,240
799,242
805,246
799,254
793,258
787,259
781,259
771,255
765,248
782,245
787,245
793,245
801,246
792,250
786,250
781,250
715,186
716,203
719,219
722,235
729,248
738,262
752,271
767,279
782,280
794,277
804,268
813,258
821,247
825,233
829,220
831,207
833,193
735,178
746,174
758,173
769,175
778,180
799,180
808,176
817,173
825,174
830,179
788,190
789,200
789,210
790,221
777,227
782,228
788,230
793,229
797,227
748,191
756,188
764,189
770,194
763,195
755,195
801,194
807,188
815,188
820,192
816,195
808,195
762,245
772,242
781,239
786,240
791,240
797,242
803,246
797,254
790,259
784,259
779,258
771,255
765,247
781,245
785,245
791,245
799,247
791,250
785,250
780,249
712,188
713,205
716,220
720,237
727,251
738,263
751,272
767,279
781,280
794,277
805,268
814,257
820,245
823,232
827,218
830,205
832,191
733,179
743,175
754,174
765,176
776,179
796,180
804,175
813,171
822,171
829,177
786,190
786,200
787,210
788,221
776,227
781,228
787,229
792,229
796,226
745,192
753,188
761,189
768,194
759,196
751,195
799,193
805,187
813,186
819,189
814,193
806,194
761,247
770,242
779,239
785,239
789,239
796,241
803,245
797,254
790,258
785,258
779,258
770,255
765,247
779,245
785,245
789,245
799,246
790,249
785,249
779,249
711,191
712,207
715,222
718,237
725,250
736,263
750,272
766,278
782,279
795,277
805,267
814,256
819,243
822,230
826,217
829,204
830,190
732,180
742,175
753,173
764,175
774,179
795,179
804,174
812,171
821,171
827,176
785,189
786,199
787,210
788,220
776,226
781,228
785,229
791,228
795,226
745,193
752,189
760,189
766,194
759,196
751,196
798,193
804,187
812,186
817,189
813,193
805,194
759,247
769,242
778,238
784,239
789,239
796,241
802,245
796,253
790,257
784,258
778,257
769,254
763,247
778,244
784,244
789,244
798,246
789,249
784,249
778,249
711,187
713,204
716,220
719,235
725,249
736,263
749,272
764,278
779,279
792,276
803,268
812,257
818,245
822,231
826,218
828,204
829,190
731,178
742,174
754,173
765,175
774,179
795,179
803,175
812,172
821,172
828,177
784,189
785,200
786,210
787,220
774,226
779,228
784,229
790,228
794,226
743,192
751,188
759,188
766,193
759,195
751,195
797,193
803,187
811,187
816,190
812,194
804,194
758,246
768,241
777,238
782,239
788,239
794,241
801,245
794,254
788,258
782,258
776,258
767,254
762,246
777,244
782,244
788,244
797,246
788,249
782,249
777,249
711,185
711,201
714,217
717,233
723,247
733,260
747,270
762,277
777,279
790,276
801,268
810,258
817,246
820,232
824,219
827,205
829,191
731,178
742,173
753,172
764,174
774,178
794,179
803,174
812,172
821,171
826,176
784,188
785,199
784,209
785,219
773,225
778,227
784,229
789,228
793,225
743,190
751,187
759,187
765,193
758,195
750,194
797,192
804,186
811,185
817,189
812,193
805,193
758,246
767,241
776,237
782,238
787,238
793,240
800,244
794,253
787,257
781,257
775,257
767,254
761,246
776,243
782,243
787,244
796,245
787,248
782,248
776,248
709,186
710,203
713,219
716,235
723,249
734,261
747,270
762,278
777,279
790,276
801,267
811,257
817,244
820,231
824,218
826,203
828,189
729,178
739,173
750,173
761,175
772,178
792,178
800,173
809,170
818,170
825,176
782,188
782,198
783,208
784,219
772,226
778,227
783,228
788,227
792,224
742,191
749,187
757,188
764,193
756,195
748,194
795,192
801,186
809,185
815,188
810,192
803,193
756,246
766,241
776,237
781,238
786,238
793,240
799,244
793,253
787,257
781,257
775,257
766,254
761,246
776,243
781,243
786,244
796,245
786,248
781,248
775,248
707,189
709,205
712,220
715,235
722,248
732,261
746,271
762,277
777,278
791,275
802,266
811,256
816,243
819,230
823,217
826,203
826,190
729,177
738,173
749,172
761,174
770,178
791,178
800,173
808,170
818,170
824,175
780,188
781,198
782,208
783,219
771,225
776,226
781,228
787,227
791,224
740,192
747,188
755,188
762,192
755,194
747,195
793,192
800,186
807,185
813,189
808,193
801,193
756,246
765,240
774,237
780,238
785,237
792,240
798,244
792,252
786,256
780,256
774,256
765,253
759,245
774,243
780,243
786,243
794,245
785,248
780,248
774,248
708,188
710,204
713,220
716,235
723,249
733,262
747,271
761,277
775,277
789,275
799,267
808,257
815,245
818,231
822,218
824,204
825,190
727,178
738,173
749,172
760,173
769,178
790,177
798,173
807,170
816,170
822,175
780,188
780,198
781,208
783,218
770,225
775,226
781,228
786,227
790,224
739,191
747,187
755,187
761,192
754,194
746,194
792,192
798,186
806,185
811,189
807,193
800,193
754,245
764,240
774,236
778,237
784,237
790,240
796,244
790,252
784,256
778,256
773,256
764,253
758,245
773,242
778,242
784,243
793,244
784,247
778,247
773,247
705,184
706,201
709,217
712,233
719,248
729,260
742,269
758,277
773,278
786,276
797,267
807,256
813,244
817,231
821,218
823,204
825,189
725,177
735,171
747,171
758,173
769,178
789,178
797,173
806,170
815,169
822,175
779,187
778,197
779,207
780,217
768,224
773,226
779,227
784,226
788,224
737,190
745,186
753,187
760,192
752,194
743,193
791,191
798,185
806,184
812,188
807,192
798,193
753,245
762,240
771,236
776,237
782,237
788,239
795,243
789,252
782,256
777,256
771,256
762,253
757,245
771,242
776,242
782,243
791,244
782,247
776,247
771,247
704,186
706,202
709,218
712,234
719,248
730,261
744,270
758,277
773,278
787,276
798,267
807,256
813,243
816,230
820,216
823,201
823,187
723,177
734,173
745,172
756,174
766,177
787,177
796,173
805,169
814,169
821,174
776,187
777,197
778,207
779,218
766,224
772,226
777,227
783,226
787,224
735,191
742,187
750,186
758,191
750,194
742,194
789,191
795,185
803,184
810,187
804,191
797,192
752,245
761,240
770,236
776,237
780,237
787,239
794,243
788,252
782,256
776,256
770,256
761,253
756,245
770,243
776,243
781,243
790,244
781,247
776,247
771,247
702,187
704,203
706,219
709,234
716,248
727,261
741,270
757,277
772,278
785,276
796,267
806,256
811,243
814,230
818,216
821,202
821,187
722,177
732,172
743,171
754,173
764,177
785,177
793,172
802,169
811,169
818,174
774,187
775,197
776,207
777,218
765,224
770,225
775,227
781,226
785,224
734,191
741,187
749,186
756,191
748,194
740,194
787,191
794,185
801,184
808,187
802,191
795,192
750,245
759,239
768,236
774,237
779,237
786,239
792,243
786,252
780,256
774,256
768,256
759,253
754,245
768,242
774,242
779,243
789,244
779,247
774,247
768,247
701,186
703,202
706,218
709,234
716,248
726,261
740,270
756,276
770,278
784,275
794,266
804,256
810,243
814,230
818,216
820,201
821,187
720,177
730,172
741,171
752,173
763,177
783,177
792,172
801,169
811,169
817,174
773,187
774,197
775,208
776,218
764,224
769,226
774,227
780,226
784,224
732,190
740,186
748,186
755,191
747,193
739,193
786,191
793,184
801,184
807,187
802,191
794,192
749,244
758,240
767,236
773,237
778,237
785,239
791,243
785,252
779,256
773,256
767,256
758,252
753,244
767,242
773,243
778,243
787,244
778,247
773,246
767,246
